1385
6	6	1	4.748
7	4	1	5.700
7	7	1	3.866
8	2	1	6.369
8	5	1	4.490
8	8	1	3.277
9	0	1	6.561
9	3	1	5.055
9	6	1	3.714
9	9	1	2.801
10	1	1	5.436
10	4	1	4.149
10	10	1	2.459
11	2	1	4.465
11	11	1	2.164
12	0	1	4.633
12	3	1	3.767
12	9	1	2.354
12	12	1	1.941
13	1	1	3.957
13	7	1	2.553
13	10	1	2.094
14	2	1	3.382
14	11	1	1.867
14	14	1	1.583
15	0	1	3.501
15	3	1	2.929
16	1	1	3.067
16	13	1	1.528
17	11	1	1.619
17	17	1	1.217
18	0	1	2.766
18	3	1	2.375
18	9	1	1.726
18	12	1	1.480
18	15	1	1.282
18	18	1	1.128
19	1	1	2.467
19	13	1	1.348
19	16	1	1.185
19	19	1	1.046
20	2	1	2.199
20	11	1	1.428
20	14	1	1.244
20	17	1	1.094
20	20	1	0.976
21	0	1	2.254
21	3	1	1.980
21	9	1	1.493
21	12	1	1.305
21	15	1	1.145
21	18	1	1.019
21	21	1	0.910
22	1	1	2.053
22	10	1	1.363
22	13	1	1.206
22	16	1	1.065
22	19	1	0.949
22	22	1	0.853
23	2	1	1.846
23	5	1	1.621
23	11	1	1.258
23	14	1	1.111
23	17	1	0.989
23	20	1	0.889
24	0	1	1.901
24	3	1	1.689
24	6	1	1.475
24	9	1	1.309
24	12	1	1.159
24	15	1	1.038
24	18	1	0.926
25	1	1	1.733
25	4	1	1.526
25	7	1	1.359
25	10	1	1.203
25	13	1	1.077
25	16	1	0.962
25	19	1	0.863
26	2	1	1.588
26	5	1	1.408
26	8	1	1.245
26	11	1	1.118
26	14	1	1.000
26	17	1	0.902
27	0	1	1.621
27	3	1	1.455
27	6	1	1.289
27	9	1	1.158
27	12	1	1.036
27	15	1	0.936
28	1	1	1.496
28	4	1	1.336
28	7	1	1.196
28	10	1	1.070
28	13	1	0.968
29	2	1	1.386
29	5	1	1.233
29	8	1	1.103
29	11	1	1.000
29	14	1	0.901
30	0	1	1.408
30	3	1	1.276
30	6	1	1.142
30	9	1	1.033
30	12	1	0.932
31	1	1	1.311
31	4	1	1.184
31	7	1	1.061
31	10	1	0.958
32	2	1	1.220
32	5	1	1.097
32	8	1	0.989
33	0	1	1.237
33	3	1	1.132
33	6	1	1.023
33	9	1	0.925
34	1	1	1.164
34	4	1	1.055
34	7	1	0.953
35	2	1	1.085
35	5	1	0.982
36	0	1	1.102
36	3	1	1.016
37	1	1	1.034
6	6	2	4.757
7	4	2	4.713
7	7	2	3.866
8	2	2	4.320
8	5	2	3.913
8	8	2	3.279
9	0	2	5.811
9	3	2	3.767
9	6	2	3.341
9	9	2	2.804
10	1	2	3.711
10	4	2	3.302
10	7	2	2.875
10	10	2	2.455
11	2	2	3.207
11	5	2	2.882
11	8	2	2.527
11	11	2	2.162
12	0	2	3.736
12	3	2	2.868
12	6	2	2.555
12	9	2	2.228
12	12	2	1.939
13	1	2	2.962
13	4	2	2.545
13	7	2	2.261
13	10	2	1.993
13	13	2	1.739
14	2	2	2.550
14	5	2	2.289
14	8	2	2.035
14	11	2	1.792
14	14	2	1.582
15	0	2	2.911
15	3	2	2.289
15	6	2	2.052
15	9	2	1.828
15	12	2	1.628
15	15	2	1.438
16	1	2	2.425
16	4	2	2.059
16	7	2	1.860
16	10	2	1.662
16	13	2	1.479
16	16	2	1.323
17	2	2	2.100
17	5	2	1.873
17	8	2	1.690
17	11	2	1.515
17	14	2	1.362
17	17	2	1.217
18	0	2	2.339
18	3	2	1.893
18	6	2	1.702
18	9	2	1.544
18	12	2	1.390
18	15	2	1.249
18	18	2	1.127
19	1	2	2.025
19	4	2	1.716
19	7	2	1.561
19	10	2	1.415
19	13	2	1.279
19	16	2	1.157
19	19	2	1.045
20	2	2	1.771
20	5	2	1.574
20	8	2	1.431
20	11	2	1.305
20	14	2	1.183
20	17	2	1.071
20	20	2	0.976
21	0	2	1.935
21	3	2	1.602
21	6	2	1.443
21	9	2	1.321
21	12	2	1.205
21	15	2	1.096
21	18	2	0.999
21	21	2	0.910
22	1	2	1.712
22	4	2	1.461
22	7	2	1.338
22	10	2	1.222
22	13	2	1.120
22	16	2	1.020
22	19	2	0.930
22	22	2	0.853
23	2	2	1.520
23	5	2	1.349
23	8	2	1.235
23	11	2	1.136
23	14	2	1.041
23	17	2	0.952
23	20	2	0.874
24	0	2	1.631
24	3	2	1.378
24	6	2	1.248
24	9	2	1.150
24	12	2	1.055
24	15	2	0.971
24	18	2	0.891
25	1	2	1.475
25	4	2	1.267
25	7	2	1.160
25	10	2	1.068
25	13	2	0.988
25	16	2	0.909
25	19	2	0.837
26	2	2	1.321
26	5	2	1.176
26	8	2	1.080
26	11	2	0.999
26	14	2	0.920
26	17	2	0.853
27	0	2	1.401
27	3	2	1.208
27	6	2	1.091
27	9	2	1.009
27	12	2	0.934
27	15	2	0.867
28	1	2	1.282
28	4	2	1.110
28	7	2	1.021
28	10	2	0.944
28	13	2	0.878
29	2	2	1.166
29	5	2	1.033
29	8	2	0.954
29	11	2	0.887
29	14	2	0.824
30	0	2	1.219
30	3	2	1.066
30	6	2	0.963
30	9	2	0.896
30	12	2	0.833
31	1	2	1.130
31	4	2	0.988
31	7	2	0.906
31	10	2	0.842
32	2	2	1.033
32	5	2	0.918
32	8	2	0.849
33	0	2	1.074
33	3	2	0.950
33	6	2	0.861
33	9	2	0.803
34	1	2	1.004
34	4	2	0.882
34	7	2	0.810
35	2	2	0.925
35	5	2	0.823
36	0	2	0.952
36	3	2	0.856
37	1	2	0.895
7	5	1	1.647
8	3	1	1.765
8	6	1	1.357
9	1	1	1.941
9	4	1	1.446
9	7	1	1.147
10	2	1	1.544
10	5	1	1.216
10	8	1	0.980
11	0	1	1.560
11	3	1	1.282
11	6	1	1.035
11	9	1	0.850
12	1	1	1.381
12	4	1	1.086
12	7	1	0.896
12	10	1	0.743
13	2	1	1.157
13	5	1	0.937
13	8	1	0.781
13	11	1	0.657
14	0	1	1.142
14	3	1	0.982
14	6	1	0.815
14	9	1	0.688
14	12	1	0.583
15	1	1	1.036
15	4	1	0.851
15	7	1	0.717
15	10	1	0.610
15	13	1	0.522
16	2	1	0.899
16	5	1	0.744
16	8	1	0.635
16	11	1	0.545
16	14	1	0.468
17	0	1	0.882
17	3	1	0.779
17	6	1	0.658
17	9	1	0.566
17	12	1	0.488
17	15	1	0.423
18	1	1	0.810
18	4	1	0.685
18	7	1	0.586
18	10	1	0.507
18	13	1	0.441
18	16	1	0.383
19	2	1	0.721
19	5	1	0.607
19	8	1	0.525
19	11	1	0.457
19	14	1	0.398
19	17	1	0.348
20	0	1	0.697
20	3	1	0.635
20	6	1	0.542
20	9	1	0.472
20	12	1	0.413
20	15	1	0.362
20	18	1	0.317
21	1	1	0.651
21	4	1	0.564
21	7	1	0.487
21	10	1	0.427
21	13	1	0.375
21	16	1	0.329
21	19	1	0.289
22	2	1	0.586
22	5	1	0.504
22	8	1	0.439
22	11	1	0.387
22	14	1	0.341
22	17	1	0.300
22	20	1	0.264
23	0	1	0.573
23	3	1	0.527
23	6	1	0.453
23	9	1	0.398
23	12	1	0.351
23	15	1	0.311
23	18	1	0.274
23	21	1	0.242
24	1	1	0.531
24	4	1	0.470
24	7	1	0.410
24	10	1	0.361
24	13	1	0.320
24	16	1	0.284
24	19	1	0.251
25	2	1	0.488
25	5	1	0.424
25	8	1	0.372
25	11	1	0.329
25	14	1	0.292
25	17	1	0.260
26	0	1	0.474
26	3	1	0.442
26	6	1	0.382
26	9	1	0.338
26	12	1	0.300
26	15	1	0.268
26	18	1	0.238
27	1	1	0.441
27	4	1	0.398
27	7	1	0.348
27	10	1	0.308
27	13	1	0.275
27	16	1	0.245
28	2	1	0.408
28	5	1	0.361
28	8	1	0.316
28	11	1	0.282
28	14	1	0.251
29	0	1	0.399
29	3	1	0.373
29	6	1	0.327
29	9	1	0.289
29	12	1	0.258
30	1	1	0.370
30	4	1	0.339
30	7	1	0.298
30	10	1	0.264
30	13	1	0.237
31	2	1	0.347
31	5	1	0.308
31	8	1	0.272
31	11	1	0.242
32	0	1	0.336
32	3	1	0.318
32	6	1	0.280
32	9	1	0.249
33	1	1	0.314
33	4	1	0.291
33	7	1	0.256
34	2	1	0.293
34	5	1	0.264
35	0	1	0.288
35	3	1	0.272
36	1	1	0.267
36	4	1	0.249
37	2	1	0.251
38	0	1	0.247
7	5	2	2.789
8	3	2	3.186
8	6	2	2.281
9	1	2	3.485
9	7	2	1.930
10	2	2	2.795
11	0	2	2.908
12	10	2	1.265
13	2	2	2.071
13	11	2	1.128
14	9	2	1.201
14	12	2	1.007
15	4	2	1.536
15	7	2	1.273
15	10	2	1.067
15	13	2	0.911
16	5	2	1.344
16	8	2	1.128
16	11	2	0.962
16	14	2	0.824
17	0	2	1.629
17	3	2	1.410
17	6	2	1.193
17	9	2	1.013
17	12	2	0.867
17	15	2	0.753
18	1	2	1.458
18	4	2	1.250
18	7	2	1.063
18	10	2	0.911
18	13	2	0.791
18	16	2	0.688
19	2	2	1.296
19	5	2	1.111
19	8	2	0.959
19	11	2	0.828
19	14	2	0.720
19	17	2	0.633
20	0	2	1.314
20	3	2	1.163
20	6	2	1.000
20	9	2	0.865
20	12	2	0.753
20	15	2	0.662
20	18	2	0.583
21	1	2	1.188
21	4	2	1.041
21	7	2	0.902
21	10	2	0.789
21	13	2	0.691
21	16	2	0.608
21	19	2	0.540
22	2	2	1.076
22	5	2	0.942
22	8	2	0.821
22	11	2	0.719
22	14	2	0.633
22	17	2	0.563
22	20	2	0.500
23	0	2	1.086
23	3	2	0.975
23	6	2	0.852
23	9	2	0.748
23	12	2	0.662
23	15	2	0.585
23	18	2	0.520
23	21	2	0.465
24	1	2	0.993
24	4	2	0.885
24	7	2	0.779
24	10	2	0.687
24	13	2	0.608
24	16	2	0.540
24	19	2	0.484
25	2	2	0.907
25	5	2	0.806
25	8	2	0.711
25	11	2	0.631
25	14	2	0.563
25	17	2	0.502
26	0	2	0.917
26	3	2	0.832
26	6	2	0.737
26	9	2	0.656
26	12	2	0.583
26	15	2	0.521
26	18	2	0.466
27	1	2	0.845
27	4	2	0.760
27	7	2	0.677
27	10	2	0.603
27	13	2	0.539
27	16	2	0.485
28	2	2	0.779
28	5	2	0.699
28	8	2	0.623
28	11	2	0.559
28	14	2	0.501
29	0	2	0.785
29	3	2	0.720
29	6	2	0.643
29	9	2	0.576
29	12	2	0.517
30	1	2	0.730
30	4	2	0.662
30	7	2	0.594
30	10	2	0.534
30	13	2	0.482
31	2	2	0.675
31	5	2	0.613
31	8	2	0.549
31	11	2	0.496
32	0	2	0.684
32	3	2	0.629
32	6	2	0.566
32	9	2	0.511
33	1	2	0.637
33	4	2	0.581
33	7	2	0.526
34	2	2	0.594
34	5	2	0.542
35	0	2	0.599
35	3	2	0.554
36	1	2	0.561
36	4	2	0.517
37	2	2	0.527
38	0	2	0.530
7	5	3	4.259
8	3	3	5.186
8	6	3	3.511
9	1	3	5.553
9	4	3	4.105
9	7	3	2.987
10	2	3	4.431
10	5	3	3.055
10	8	3	2.576
11	0	3	4.583
11	3	3	3.665
11	6	3	2.643
11	9	3	2.264
12	1	3	3.825
12	4	3	3.076
12	7	3	2.330
12	10	3	2.003
13	2	3	3.250
13	5	3	2.357
13	8	3	2.063
13	11	3	1.797
14	0	3	3.312
14	3	3	2.788
14	6	3	2.098
14	9	3	1.852
14	12	3	1.617
15	1	3	2.872
15	4	3	2.117
15	7	3	1.888
15	10	3	1.666
15	13	3	1.471
16	2	3	2.520
16	5	3	1.907
16	8	3	1.703
16	11	3	1.516
16	14	3	1.341
17	0	3	2.551
17	3	3	1.920
17	6	3	1.732
17	9	3	1.550
17	12	3	1.380
17	15	3	1.232
18	1	3	2.031
18	4	3	1.746
18	7	3	1.574
18	10	3	1.412
18	13	3	1.267
18	16	3	1.133
19	2	3	1.788
19	5	3	1.591
19	8	3	1.442
19	11	3	1.298
19	14	3	1.165
19	17	3	1.050
20	0	3	1.839
20	3	3	1.617
20	6	3	1.459
20	9	3	1.321
20	12	3	1.193
20	15	3	1.078
20	18	3	0.972
21	1	3	1.698
21	4	3	1.476
21	7	3	1.339
21	10	3	1.220
21	13	3	1.104
21	16	3	0.999
21	19	3	0.906
22	2	3	1.520
22	5	3	1.359
22	8	3	1.238
22	11	3	1.126
22	14	3	1.023
22	17	3	0.931
22	20	3	0.846
23	0	3	1.557
23	3	3	1.384
23	6	3	1.252
23	9	3	1.143
23	12	3	1.045
23	15	3	0.952
23	18	3	0.866
23	21	3	0.791
24	1	3	1.443
24	4	3	1.269
24	7	3	1.162
24	10	3	1.063
24	13	3	0.972
24	16	3	0.888
24	19	3	0.813
25	2	3	1.312
25	5	3	1.175
25	8	3	1.077
25	11	3	0.987
25	14	3	0.906
25	17	3	0.829
26	0	3	1.334
26	3	3	1.201
26	6	3	1.089
26	9	3	1.004
26	12	3	0.922
26	15	3	0.847
26	18	3	0.777
27	1	3	1.243
27	4	3	1.107
27	7	3	1.016
27	10	3	0.935
27	13	3	0.862
27	16	3	0.794
28	2	3	1.143
28	5	3	1.029
28	8	3	0.946
28	11	3	0.876
28	14	3	0.807
29	0	3	1.157
29	3	3	1.053
29	6	3	0.958
29	9	3	0.887
29	12	3	0.820
30	1	3	1.083
30	4	3	0.975
30	7	3	0.897
30	10	3	0.830
30	13	3	0.770
31	2	3	1.007
31	5	3	0.910
31	8	3	0.840
31	11	3	0.781
32	0	3	1.014
32	3	3	0.933
32	6	3	0.851
32	9	3	0.790
33	1	3	0.954
33	4	3	0.867
33	7	3	0.799
34	2	3	0.892
34	5	3	0.811
35	0	3	0.898
35	3	3	0.832
36	1	3	0.847
36	4	3	0.775
37	2	3	0.798
38	0	3	0.801
7	5	4	5.481
8	3	4	5.114
8	6	4	4.396
9	1	4	6.828
9	4	4	4.281
9	7	4	3.677
10	2	4	4.109
10	5	4	4.086
10	8	4	3.138
11	0	4	3.424
11	3	4	3.638
11	6	4	3.438
11	9	4	2.736
12	1	4	3.662
12	4	4	3.202
12	7	4	2.971
12	10	4	2.407
13	2	4	3.191
13	5	4	3.191
13	8	4	2.593
13	11	4	2.151
14	0	4	3.260
14	3	4	2.846
14	6	4	2.771
14	9	4	2.302
14	12	4	1.931
15	1	4	2.974
15	4	4	2.935
15	7	4	2.448
15	10	4	2.055
15	13	4	1.753
16	2	4	2.594
16	5	4	2.580
16	8	4	2.176
16	11	4	1.857
16	14	4	1.595
17	0	4	2.680
17	3	4	2.685
17	6	4	2.297
17	9	4	1.959
17	12	4	1.683
17	15	4	1.465
18	1	4	2.756
18	4	4	2.394
18	7	4	2.056
18	10	4	1.770
18	13	4	1.542
19	2	4	2.459
19	5	4	2.141
19	8	4	1.860
19	11	4	1.616
19	14	4	1.412
19	17	4	1.247
20	0	4	2.491
20	3	4	2.219
20	6	4	1.936
20	9	4	1.688
20	12	4	1.477
20	15	4	1.306
20	18	4	1.156
21	4	4	1.999
21	7	4	1.754
21	13	4	1.362
21	16	4	1.206
21	19	4	1.079
22	2	4	2.049
22	5	4	1.822
22	8	4	1.605
22	11	4	1.418
22	14	4	1.257
22	17	4	1.123
22	20	4	1.005
23	0	4	2.070
23	3	4	1.866
23	6	4	1.657
23	9	4	1.469
23	12	4	1.309
23	15	4	1.167
23	18	4	1.045
23	21	4	0.943
24	4	4	1.707
24	7	4	1.523
24	10	4	1.357
24	13	4	1.212
24	16	4	1.085
24	19	4	0.979
25	5	4	1.566
25	8	4	1.400
25	11	4	1.253
25	14	4	1.128
25	17	4	1.015
26	0	4	1.756
26	6	4	1.441
26	9	4	1.297
26	12	4	1.166
26	15	4	1.050
26	18	4	0.949
27	1	4	1.623
27	4	4	1.476
27	7	4	1.333
27	10	4	1.201
27	13	4	1.084
27	16	4	0.983
28	2	4	1.500
28	5	4	1.367
28	8	4	1.235
28	11	4	1.120
28	14	4	1.015
29	3	4	1.394
29	6	4	1.265
29	9	4	1.150
29	12	4	1.044
30	4	4	1.292
30	7	4	1.179
30	10	4	1.072
30	13	4	0.978
31	2	4	1.310
31	5	4	1.205
31	8	4	1.098
31	11	4	1.004
32	0	4	1.323
32	3	4	1.227
32	6	4	1.123
32	9	4	1.028
33	1	4	1.237
33	4	4	1.143
33	7	4	1.051
34	2	4	1.160
34	5	4	1.074
35	0	4	1.168
35	3	4	1.090
36	1	4	1.098
36	4	4	1.022
37	2	4	1.038
38	0	4	1.042
6	5	1	1.883
7	3	1	2.197
7	6	1	1.520
8	4	1	1.720
8	7	1	1.271
9	2	1	1.949
9	5	1	1.410
9	8	1	1.072
10	0	1	2.055
10	3	1	1.567
10	6	1	1.175
10	9	1	0.925
11	1	1	1.699
11	4	1	1.285
11	7	1	1.004
11	10	1	0.802
12	2	1	1.400
12	5	1	1.088
12	8	1	0.864
12	11	1	0.706
13	0	1	1.432
13	3	1	1.178
13	6	1	0.929
13	9	1	0.757
13	12	1	0.623
14	1	1	1.243
14	4	1	0.998
14	7	1	0.810
14	10	1	0.665
14	13	1	0.556
15	2	1	1.063
15	5	1	0.866
15	8	1	0.708
15	11	1	0.592
15	14	1	0.497
16	0	1	1.088
16	3	1	0.924
16	6	1	0.753
16	9	1	0.628
16	12	1	0.527
16	15	1	0.448
17	1	1	0.956
17	4	1	0.799
17	7	1	0.666
17	10	1	0.558
17	13	1	0.474
17	16	1	0.404
18	2	1	0.844
18	5	1	0.706
18	8	1	0.590
18	11	1	0.501
18	14	1	0.427
18	17	1	0.367
19	0	1	0.853
19	3	1	0.745
19	6	1	0.621
19	9	1	0.529
19	12	1	0.450
19	15	1	0.388
19	18	1	0.333
20	1	1	0.766
20	4	1	0.658
20	7	1	0.557
20	10	1	0.473
20	13	1	0.408
20	16	1	0.351
20	19	1	0.304
21	2	1	0.691
21	5	1	0.586
21	8	1	0.497
21	11	1	0.429
21	14	1	0.369
21	17	1	0.320
21	20	1	0.278
22	0	1	0.693
22	3	1	0.616
22	6	1	0.523
22	9	1	0.449
22	12	1	0.387
22	15	1	0.336
22	18	1	0.292
22	21	1	0.254
23	1	1	0.630
23	4	1	0.553
23	7	1	0.471
23	10	1	0.405
23	13	1	0.353
23	16	1	0.306
23	19	1	0.267
24	2	1	0.575
24	5	1	0.494
24	8	1	0.424
24	11	1	0.369
24	14	1	0.320
24	17	1	0.280
24	20	1	0.244
25	0	1	0.573
25	3	1	0.518
25	6	1	0.447
25	9	1	0.386
25	12	1	0.334
25	15	1	0.293
25	18	1	0.256
26	1	1	0.531
26	4	1	0.469
26	7	1	0.403
26	10	1	0.350
26	13	1	0.307
26	16	1	0.267
27	2	1	0.483
27	5	1	0.422
27	8	1	0.367
27	11	1	0.320
27	14	1	0.279
28	0	1	0.487
28	3	1	0.444
28	6	1	0.385
28	9	1	0.333
28	12	1	0.291
28	15	1	0.256
29	1	1	0.449
29	4	1	0.401
29	7	1	0.348
29	10	1	0.305
29	13	1	0.267
30	2	1	0.415
30	5	1	0.367
30	8	1	0.319
30	11	1	0.278
31	0	1	0.416
31	3	1	0.381
31	6	1	0.332
31	9	1	0.290
32	1	1	0.386
32	4	1	0.349
32	7	1	0.305
32	10	1	0.267
33	2	1	0.357
33	5	1	0.319
33	8	1	0.278
34	0	1	0.360
34	3	1	0.331
34	6	1	0.291
35	1	1	0.335
35	4	1	0.303
36	2	1	0.311
37	0	1	0.312
6	5	2	2.991
7	3	2	3.139
7	6	2	2.438
8	4	2	2.566
8	7	2	2.057
9	2	2	2.675
9	5	2	2.162
9	8	2	1.752
10	0	2	2.816
10	3	2	2.248
10	6	2	1.839
10	9	2	1.524
11	1	2	2.419
11	4	2	1.911
11	10	2	1.334
12	5	2	1.659
12	8	2	1.396
12	11	2	1.186
13	0	2	2.074
13	6	2	1.449
13	9	2	1.238
13	12	2	1.056
14	7	2	1.284
14	10	2	1.102
14	13	2	0.953
15	8	2	1.142
15	11	2	0.991
15	14	2	0.861
16	0	2	1.599
16	3	2	1.368
16	9	2	1.027
16	12	2	0.895
16	15	2	0.785
17	1	2	1.446
17	7	2	1.057
17	10	2	0.925
17	13	2	0.814
17	16	2	0.715
18	2	2	1.266
18	5	2	1.086
18	8	2	0.953
18	11	2	0.841
18	14	2	0.742
18	17	2	0.658
19	0	2	1.282
19	3	2	1.123
19	6	2	0.977
19	9	2	0.865
19	12	2	0.766
19	15	2	0.680
19	18	2	0.604
20	1	2	1.172
20	4	2	1.005
20	7	2	0.888
20	10	2	0.788
20	13	2	0.703
20	16	2	0.625
20	19	2	0.560
21	2	2	1.052
21	5	2	0.910
21	8	2	0.808
21	11	2	0.722
21	14	2	0.645
21	17	2	0.578
21	20	2	0.517
22	0	2	1.054
22	3	2	0.941
22	6	2	0.826
22	9	2	0.740
22	12	2	0.663
22	15	2	0.595
22	18	2	0.534
22	21	2	0.481
23	1	2	0.971
23	4	2	0.852
23	7	2	0.756
23	10	2	0.679
23	13	2	0.611
23	16	2	0.550
23	19	2	0.497
24	2	2	0.886
24	5	2	0.775
24	8	2	0.693
24	11	2	0.625
24	14	2	0.564
24	17	2	0.510
24	20	2	0.460
25	0	2	0.886
25	3	2	0.801
25	6	2	0.710
25	9	2	0.639
25	12	2	0.578
25	15	2	0.524
25	18	2	0.474
26	1	2	0.822
26	4	2	0.730
26	7	2	0.652
26	10	2	0.590
26	13	2	0.535
26	16	2	0.486
27	2	2	0.757
27	5	2	0.669
27	8	2	0.603
27	11	2	0.547
27	14	2	0.498
28	0	2	0.753
28	3	2	0.692
28	6	2	0.616
28	9	2	0.558
28	12	2	0.508
28	15	2	0.463
29	1	2	0.705
29	4	2	0.635
29	7	2	0.569
29	10	2	0.518
29	13	2	0.472
30	2	2	0.653
30	5	2	0.584
30	8	2	0.528
30	11	2	0.482
31	0	2	0.653
31	3	2	0.603
31	6	2	0.540
31	9	2	0.491
32	1	2	0.610
32	4	2	0.554
32	7	2	0.501
32	10	2	0.457
33	2	2	0.570
33	5	2	0.514
33	8	2	0.466
34	0	2	0.569
34	3	2	0.529
34	6	2	0.476
35	1	2	0.533
35	4	2	0.490
36	2	2	0.501
37	0	2	0.500
6	5	3	5.065
7	3	3	5.991
7	6	3	4.035
8	4	3	4.641
8	7	3	3.367
9	2	3	5.138
9	5	3	3.781
9	8	3	2.853
10	0	3	5.389
10	3	3	4.168
10	6	3	3.155
10	9	3	2.480
11	1	3	4.412
11	4	3	3.447
11	7	3	2.708
11	10	3	2.171
12	2	3	3.674
12	5	3	2.934
12	11	3	1.934
13	0	3	3.777
13	3	3	3.129
13	9	3	2.076
13	12	3	1.728
14	1	3	3.249
14	7	3	2.219
14	10	3	1.845
14	13	3	1.565
15	11	3	1.662
15	14	3	1.419
16	3	3	2.466
16	9	3	1.759
16	12	3	1.501
16	15	3	1.300
17	1	3	2.531
17	10	3	1.582
17	13	3	1.369
17	16	3	1.191
18	2	3	2.247
18	11	3	1.440
18	14	3	1.252
18	17	3	1.101
19	3	3	2.009
19	12	3	1.311
19	15	3	1.153
19	18	3	1.016
20	4	3	1.803
20	7	3	1.571
20	10	3	1.370
20	13	3	1.205
20	16	3	1.063
20	19	3	0.947
21	5	3	1.630
21	8	3	1.426
21	11	3	1.257
21	14	3	1.109
21	17	3	0.987
21	20	3	0.880
22	0	3	1.877
22	3	3	1.680
22	6	3	1.479
22	9	3	1.306
22	12	3	1.154
22	15	3	1.028
22	18	3	0.916
22	21	3	0.824
23	1	3	1.710
23	4	3	1.530
23	7	3	1.352
23	10	3	1.197
23	13	3	1.067
23	16	3	0.952
23	19	3	0.856
24	2	3	1.566
24	5	3	1.396
24	11	3	1.106
24	14	3	0.988
24	17	3	0.889
24	20	3	0.799
25	0	3	1.577
25	3	3	1.432
25	9	3	1.143
25	12	3	1.023
25	15	3	0.920
25	18	3	0.828
26	1	3	1.458
26	10	3	1.056
26	13	3	0.952
26	16	3	0.857
27	2	3	1.342
27	5	3	1.212
27	8	3	1.091
27	11	3	0.981
27	14	3	0.885
28	0	3	1.354
28	3	3	1.244
28	6	3	1.122
28	9	3	1.010
28	12	3	0.913
28	15	3	0.829
29	4	3	1.148
29	7	3	1.038
29	10	3	0.941
29	13	3	0.853
30	2	3	1.169
30	5	3	1.067
30	8	3	0.966
30	11	3	0.876
31	0	3	1.180
31	3	3	1.089
31	6	3	0.990
31	9	3	0.899
32	1	3	1.100
32	4	3	1.013
32	7	3	0.925
32	10	3	0.843
33	2	3	1.028
33	5	3	0.946
33	8	3	0.862
34	0	3	1.037
34	3	3	0.963
34	6	3	0.883
35	1	3	0.973
35	4	3	0.900
36	2	3	0.914
37	0	3	0.921
6	5	4	5.890
7	3	4	7.448
7	6	4	4.659
8	4	4	5.623
8	7	4	3.869
9	2	4	6.065
9	5	4	3.965
9	8	4	3.282
10	0	4	6.310
10	3	4	4.820
10	6	4	3.374
10	9	4	2.857
11	1	4	5.052
11	4	4	3.341
11	7	4	2.937
11	10	4	2.507
12	2	4	4.169
12	5	4	2.950
12	8	4	2.580
12	11	4	2.237
13	0	4	4.271
13	3	4	2.863
13	6	4	2.608
13	9	4	2.301
13	12	4	2.004
14	1	4	3.651
14	4	4	2.579
14	7	4	2.338
14	10	4	2.062
14	13	4	1.817
15	2	4	2.525
15	5	4	2.337
15	8	4	2.100
15	11	4	1.869
15	14	4	1.651
16	0	4	3.215
16	3	4	2.308
16	6	4	2.113
16	9	4	1.907
16	12	4	1.699
16	15	4	1.515
17	1	4	2.404
17	4	4	2.102
17	7	4	1.927
17	10	4	1.734
17	13	4	1.556
17	16	4	1.390
18	2	4	2.114
18	5	4	1.930
18	8	4	1.757
18	11	4	1.591
18	14	4	1.429
18	17	4	1.287
19	0	4	2.206
19	3	4	1.928
19	6	4	1.767
19	9	4	1.616
19	12	4	1.461
19	15	4	1.322
19	18	4	1.191
20	1	4	2.033
20	4	4	1.771
20	7	4	1.629
20	10	4	1.485
20	13	4	1.351
20	16	4	1.223
20	19	4	1.110
21	2	4	1.809
21	5	4	1.636
21	8	4	1.502
21	11	4	1.376
21	14	4	1.251
21	17	4	1.139
21	20	4	1.034
22	0	4	1.874
22	3	4	1.649
22	6	4	1.511
22	9	4	1.393
22	12	4	1.274
22	15	4	1.164
22	18	4	1.060
22	21	4	0.969
23	1	4	1.735
23	4	4	1.524
23	7	4	1.404
23	10	4	1.291
23	13	4	1.186
23	16	4	1.084
23	19	4	0.992
24	2	4	1.566
24	5	4	1.414
24	8	4	1.304
24	11	4	1.204
24	14	4	1.105
24	17	4	1.015
24	20	4	0.930
25	0	4	1.608
25	3	4	1.432
25	6	4	1.317
25	9	4	1.216
25	12	4	1.121
25	15	4	1.033
25	18	4	0.949
26	1	4	1.501
26	4	4	1.330
26	7	4	1.227
26	10	4	1.134
26	13	4	1.051
26	16	4	0.968
27	2	4	1.370
27	5	4	1.237
27	8	4	1.149
27	11	4	1.063
27	14	4	0.984
28	0	4	1.397
28	3	4	1.262
28	6	4	1.157
28	9	4	1.073
28	12	4	0.996
28	15	4	0.924
29	1	4	1.310
29	4	4	1.172
29	7	4	1.083
29	10	4	1.010
29	13	4	0.938
30	2	4	1.208
30	5	4	1.095
30	8	4	1.018
30	11	4	0.948
31	0	4	1.229
31	3	4	1.120
31	6	4	1.028
31	9	4	0.956
32	1	4	1.153
32	4	4	1.041
32	7	4	0.967
32	10	4	0.902
33	2	4	1.074
33	5	4	0.977
33	8	4	0.910
34	0	4	1.088
34	3	4	1.000
34	6	4	0.919
35	1	4	1.024
35	4	4	0.933
36	2	4	0.961
37	0	4	0.971
